10 68 335 408 460 593 600 743 828 861
57 97 206 231 276 428 443 536 646 827
9 25 94 130 332 656 659 764 904 960
33 167 179 202 307 376 416 521 653 880
163 197 253 266 448 589 818 824 888 900
42 82 282 437 484 600 651 683 706 733
187 347 446 496 521 555 658 734 776 881
98 234 327 471 630 843 874 881 900 918
31 405 466 467 470 696 714 759 851 951
40 142 146 380 503 534 605 779 792 918
309 389 511 567 615 636 690 707 717 724
131 369 612 750 772 818 879 882 884 900
33 117 122 263 555 596 660 735 957 966
245 280 481 550 642 667 775 788 947 985
43 49 275 282 370 398 569 602 713 849
63 233 244 365 389 667 691 705 746 841
36 43 192 420 423 452 570 579 834 870
296 299 322 427 499 572 574 601 657 994
221 222 472 536 614 654 668 924 951 959
52 53 195 387 475 502 645 674 755 758
86 222 326 361 565 567 651 762 822 981
53 92 153 243 307 320 413 814 836 923
55 119 177 301 378 387 423 480 486 562
28 148 213 239 543 581 588 908 940 946
22 117 209 343 444 449 788 845 876 967
158 225 404 745 853 863 870 900 946 982
60 158 218 418 531 535 603 728 748 778
286 317 522 634 692 721 846 864 896 937
21 208 335 412 425 443 604 852 916 961
183 313 326 433 536 586 744 814 899 899
165 278 305 347 428 502 560 739 797 798
223 278 351 453 490 529 548 627 831 936
13 46 48 175 226 298 495 524 858 913
54 185 364 383 492 502 618 729 896 918
5 85 85 146 195 327 415 513 940 962
171 279 302 339 410 436 642 758 842 859
175 279 302 359 565 643 682 838 868 959
181 319 374 426 474 482 525 929 938 976
9 265 267 335 445 504 646 714 804 820
85 129 176 215 432 553 556 799 880 985
98 255 274 410 592 601 746 765 890 933
55 296 305 361 422 625 637 825 842 875
135 148 421 497 505 523 640 781 871 905
15 49 179 255 257 455 457 492 508 614
45 91 139 179 186 441 473 608 698 748
66 237 245 268 316 392 674 707 857 872
127 211 246 251 661 752 795 882 942 982
80 88 99 193 205 261 351 467 697 798
64 133 155 461 485 489 539 586 695 791
53 92 284 449 461 550 704 858 978 990
